{
 "cells": [
  {
   "cell_type": "code",
   "execution_count": 4,
   "metadata": {},
   "outputs": [],
   "source": [
    "import numpy as np"
   ]
  },
  {
   "cell_type": "code",
   "execution_count": null,
   "metadata": {},
   "outputs": [],
   "source": []
  },
  {
   "cell_type": "code",
   "execution_count": null,
   "metadata": {},
   "outputs": [],
   "source": []
  },
  {
   "cell_type": "markdown",
   "metadata": {},
   "source": [
    "## 1.compute the mean, standard deviation, and variance of the given array along the second axis using numpy"
   ]
  },
  {
   "cell_type": "code",
   "execution_count": 3,
   "metadata": {},
   "outputs": [],
   "source": [
    "data = np.array([[11, 22],[33, 44],[55, 66]])"
   ]
  },
  {
   "cell_type": "code",
   "execution_count": null,
   "metadata": {},
   "outputs": [],
   "source": []
  },
  {
   "cell_type": "code",
   "execution_count": 9,
   "metadata": {},
   "outputs": [
    {
     "name": "stdout",
     "output_type": "stream",
     "text": [
      "Mean:  38.5\n",
      "Mean:  38.5\n"
     ]
    }
   ],
   "source": [
    "#Mean using numpy.mean() inbuilt function\n",
    "m1 = np.mean(data)\n",
    "print(\"Mean with inbuilt method: \", m1)\n",
    "\n",
    "#Mean using a formula\n",
    "m2 = np.average(data)\n",
    "print(\"Mean with a formula: \", m2)"
   ]
  },
  {
   "cell_type": "code",
   "execution_count": null,
   "metadata": {},
   "outputs": [],
   "source": []
  },
  {
   "cell_type": "code",
   "execution_count": null,
   "metadata": {},
   "outputs": [],
   "source": []
  },
  {
   "cell_type": "code",
   "execution_count": null,
   "metadata": {},
   "outputs": [],
   "source": []
  },
  {
   "cell_type": "code",
   "execution_count": 10,
   "metadata": {},
   "outputs": [
    {
     "name": "stdout",
     "output_type": "stream",
     "text": [
      "Standard deviation:  18.786076404259266\n",
      "Standard deviation:  18.786076404259266\n"
     ]
    }
   ],
   "source": [
    "#Standard deviation using numpy.std() inbuilt function\n",
    "s1 = np.std(data)\n",
    "print(\"Standard deviation with inbuilt method: \", s1)\n",
    "\n",
    "#Standard deviation using a formula\n",
    "s2 = np.sqrt(np.mean((data - np.mean(data)) ** 2))\n",
    "print(\"Standard deviation with a formula: \", s2)"
   ]
  },
  {
   "cell_type": "code",
   "execution_count": null,
   "metadata": {},
   "outputs": [],
   "source": []
  },
  {
   "cell_type": "code",
   "execution_count": 11,
   "metadata": {},
   "outputs": [
    {
     "name": "stdout",
     "output_type": "stream",
     "text": [
      "Variance with inbuilt method:  352.9166666666667\n",
      "Variance with a formula:  352.9166666666667\n"
     ]
    }
   ],
   "source": [
    "#Variance using numpy.var() inbuilt function\n",
    "v1 = np.var(data)\n",
    "print(\"Variance with inbuilt method: \", v1)\n",
    "\n",
    "#Variance using a formula\n",
    "v2 = np.mean((data - np.mean(data)) ** 2)\n",
    "print(\"Variance with a formula: \", v2)"
   ]
  },
  {
   "cell_type": "code",
   "execution_count": null,
   "metadata": {},
   "outputs": [],
   "source": []
  },
  {
   "cell_type": "code",
   "execution_count": null,
   "metadata": {},
   "outputs": [],
   "source": []
  },
  {
   "cell_type": "code",
   "execution_count": null,
   "metadata": {},
   "outputs": [],
   "source": []
  },
  {
   "cell_type": "markdown",
   "metadata": {},
   "source": [
    "### 2.reshape the above array to a one dimension array(one column)"
   ]
  },
  {
   "cell_type": "code",
   "execution_count": 14,
   "metadata": {},
   "outputs": [
    {
     "name": "stdout",
     "output_type": "stream",
     "text": [
      "[[11 22]\n",
      " [33 44]\n",
      " [55 66]]\n",
      "(3, 2)\n",
      "[[11]\n",
      " [22]\n",
      " [33]\n",
      " [44]\n",
      " [55]\n",
      " [66]]\n"
     ]
    }
   ],
   "source": [
    "data = np.array([[11, 22],[33, 44],[55, 66]])\n",
    "print(data)\n",
    "#shape of the array\n",
    "print(np.shape(data))\n",
    "\n",
    "#Reshaping the array to a 1D array, one column\n",
    "data1 = np.reshape(data, (6,1))\n",
    "print(data1)"
   ]
  },
  {
   "cell_type": "code",
   "execution_count": null,
   "metadata": {},
   "outputs": [],
   "source": []
  },
  {
   "cell_type": "code",
   "execution_count": null,
   "metadata": {},
   "outputs": [],
   "source": []
  },
  {
   "cell_type": "code",
   "execution_count": null,
   "metadata": {},
   "outputs": [],
   "source": []
  },
  {
   "cell_type": "markdown",
   "metadata": {},
   "source": [
    "## Use the data in the cell below to complete the following exercises"
   ]
  },
  {
   "cell_type": "code",
   "execution_count": 5,
   "metadata": {},
   "outputs": [
    {
     "data": {
      "text/plain": [
       "array([[ 80842, 333008, 202553, 140037,  81969],\n",
       "       [ 63857,  42105, 261540, 481981, 176739],\n",
       "       [489984, 326386, 110795, 394863,  25024],\n",
       "       [ 38317,  49982, 408830, 485118,  16119],\n",
       "       [407675, 231729, 265455, 109413, 103399],\n",
       "       [174677, 343356, 301717, 224120, 401101],\n",
       "       [140473, 254634, 112262,  25063, 108262],\n",
       "       [375059, 406983, 208947, 115641, 296685],\n",
       "       [444899, 129585, 171318, 313094, 425041],\n",
       "       [188411, 335140, 141681,  59641, 211420],\n",
       "       [287650,   8973, 477425, 382803, 465168],\n",
       "       [  3975,  32213, 160603, 275485, 388234],\n",
       "       [246225,  56174, 244097,   9350, 496966],\n",
       "       [225516, 273338,  73335, 283013, 212813],\n",
       "       [ 38175, 282399, 318413, 337639, 379802],\n",
       "       [198049, 101115, 419547, 260219, 325793],\n",
       "       [148593, 425024, 348570, 117968, 107007],\n",
       "       [ 52547, 180346, 178760, 305186, 262153],\n",
       "       [ 11835, 449971, 494184, 472031, 353049],\n",
       "       [476442,  35455, 191553, 384154,  29917]])"
      ]
     },
     "execution_count": 5,
     "metadata": {},
     "output_type": "execute_result"
    }
   ],
   "source": [
    "#lets create an array to work with\n",
    "np.random.seed(21) # This guarantees the code will generate the same set of random numbers whenever executed\n",
    "random_integers = np.random.randint(1,high=500000, size=(20, 5))\n",
    "random_integers"
   ]
  },
  {
   "cell_type": "code",
   "execution_count": null,
   "metadata": {},
   "outputs": [],
   "source": []
  },
  {
   "cell_type": "code",
   "execution_count": null,
   "metadata": {},
   "outputs": [],
   "source": []
  },
  {
   "cell_type": "code",
   "execution_count": null,
   "metadata": {},
   "outputs": [],
   "source": []
  },
  {
   "cell_type": "markdown",
   "metadata": {},
   "source": [
    "### 3. What is the average value of the second column (to two decimal places)"
   ]
  },
  {
   "cell_type": "code",
   "execution_count": 22,
   "metadata": {},
   "outputs": [
    {
     "name": "stdout",
     "output_type": "stream",
     "text": [
      "[333008  42105 326386  49982 231729 343356 254634 406983 129585 335140\n",
      "   8973  32213  56174 273338 282399 101115 425024 180346 449971  35455]\n",
      "214895.8\n"
     ]
    },
    {
     "data": {
      "text/plain": [
       "214895.8"
      ]
     },
     "execution_count": 22,
     "metadata": {},
     "output_type": "execute_result"
    }
   ],
   "source": [
    "#Accessing data from the second column\n",
    "column1 = random_integers[:,1]\n",
    "print(column1)\n",
    "#Average of the second column\n",
    "column1avg = np.mean(column1)\n",
    "print(column1avg)\n",
    "#Round average to 2 decimal places\n",
    "round(214895.8, 2)"
   ]
  },
  {
   "cell_type": "code",
   "execution_count": null,
   "metadata": {},
   "outputs": [],
   "source": []
  },
  {
   "cell_type": "code",
   "execution_count": null,
   "metadata": {},
   "outputs": [],
   "source": []
  },
  {
   "cell_type": "code",
   "execution_count": null,
   "metadata": {},
   "outputs": [],
   "source": []
  },
  {
   "cell_type": "code",
   "execution_count": null,
   "metadata": {},
   "outputs": [],
   "source": []
  },
  {
   "cell_type": "code",
   "execution_count": null,
   "metadata": {},
   "outputs": [],
   "source": []
  },
  {
   "cell_type": "code",
   "execution_count": null,
   "metadata": {},
   "outputs": [],
   "source": []
  },
  {
   "cell_type": "code",
   "execution_count": null,
   "metadata": {},
   "outputs": [],
   "source": []
  },
  {
   "cell_type": "markdown",
   "metadata": {},
   "source": [
    "### 4. What is the sum of the first 5 rows of the third and fourth columns?"
   ]
  },
  {
   "cell_type": "code",
   "execution_count": 29,
   "metadata": {},
   "outputs": [
    {
     "name": "stdout",
     "output_type": "stream",
     "text": [
      "[[202553 140037]\n",
      " [261540 481981]\n",
      " [110795 394863]\n",
      " [408830 485118]\n",
      " [265455 109413]]\n",
      "Sum of all array elements:  2860585\n"
     ]
    }
   ],
   "source": [
    "#Accessing the first 5 rows of the third and fourth columns\n",
    "new_array = random_integers[:5, [2,3]]\n",
    "print(new_array)\n",
    "\n",
    "#Sum of the first 5 rows of the third and fourth columns \n",
    "print(\"Sum of all array elements: \", np.sum(new_array))"
   ]
  },
  {
   "cell_type": "code",
   "execution_count": null,
   "metadata": {},
   "outputs": [],
   "source": []
  },
  {
   "cell_type": "code",
   "execution_count": null,
   "metadata": {},
   "outputs": [],
   "source": []
  },
  {
   "cell_type": "code",
   "execution_count": null,
   "metadata": {},
   "outputs": [],
   "source": []
  },
  {
   "cell_type": "code",
   "execution_count": null,
   "metadata": {},
   "outputs": [],
   "source": []
  },
  {
   "cell_type": "code",
   "execution_count": null,
   "metadata": {},
   "outputs": [],
   "source": []
  },
  {
   "cell_type": "code",
   "execution_count": null,
   "metadata": {},
   "outputs": [],
   "source": []
  },
  {
   "cell_type": "code",
   "execution_count": null,
   "metadata": {},
   "outputs": [],
   "source": []
  },
  {
   "cell_type": "markdown",
   "metadata": {},
   "source": [
    "### 5. reverse the columns of the array"
   ]
  },
  {
   "cell_type": "code",
   "execution_count": 33,
   "metadata": {},
   "outputs": [
    {
     "name": "stdout",
     "output_type": "stream",
     "text": [
      "Reversed array columns: \n",
      " [[476442  35455 191553 384154  29917]\n",
      " [ 11835 449971 494184 472031 353049]\n",
      " [ 52547 180346 178760 305186 262153]\n",
      " [148593 425024 348570 117968 107007]\n",
      " [198049 101115 419547 260219 325793]\n",
      " [ 38175 282399 318413 337639 379802]\n",
      " [225516 273338  73335 283013 212813]\n",
      " [246225  56174 244097   9350 496966]\n",
      " [  3975  32213 160603 275485 388234]\n",
      " [287650   8973 477425 382803 465168]\n",
      " [188411 335140 141681  59641 211420]\n",
      " [444899 129585 171318 313094 425041]\n",
      " [375059 406983 208947 115641 296685]\n",
      " [140473 254634 112262  25063 108262]\n",
      " [174677 343356 301717 224120 401101]\n",
      " [407675 231729 265455 109413 103399]\n",
      " [ 38317  49982 408830 485118  16119]\n",
      " [489984 326386 110795 394863  25024]\n",
      " [ 63857  42105 261540 481981 176739]\n",
      " [ 80842 333008 202553 140037  81969]]\n"
     ]
    }
   ],
   "source": [
    "#Reverse the columns of the array using np.flip\n",
    "print(\"Reversed array columns: \\n\", np.flip(random_integers, axis=0))"
   ]
  },
  {
   "cell_type": "code",
   "execution_count": null,
   "metadata": {},
   "outputs": [],
   "source": []
  },
  {
   "cell_type": "code",
   "execution_count": null,
   "metadata": {},
   "outputs": [],
   "source": []
  },
  {
   "cell_type": "markdown",
   "metadata": {},
   "source": [
    "### 6. Get the transpose of the array\n"
   ]
  },
  {
   "cell_type": "code",
   "execution_count": 32,
   "metadata": {},
   "outputs": [
    {
     "name": "stdout",
     "output_type": "stream",
     "text": [
      "Transpose of array: \n",
      " [[ 80842  63857 489984  38317 407675 174677 140473 375059 444899 188411\n",
      "  287650   3975 246225 225516  38175 198049 148593  52547  11835 476442]\n",
      " [333008  42105 326386  49982 231729 343356 254634 406983 129585 335140\n",
      "    8973  32213  56174 273338 282399 101115 425024 180346 449971  35455]\n",
      " [202553 261540 110795 408830 265455 301717 112262 208947 171318 141681\n",
      "  477425 160603 244097  73335 318413 419547 348570 178760 494184 191553]\n",
      " [140037 481981 394863 485118 109413 224120  25063 115641 313094  59641\n",
      "  382803 275485   9350 283013 337639 260219 117968 305186 472031 384154]\n",
      " [ 81969 176739  25024  16119 103399 401101 108262 296685 425041 211420\n",
      "  465168 388234 496966 212813 379802 325793 107007 262153 353049  29917]]\n"
     ]
    }
   ],
   "source": [
    "#Transpose of array using inbuilt function 'T'\n",
    "print(\"Transpose of array: \\n\", random_integers.T)"
   ]
  },
  {
   "cell_type": "code",
   "execution_count": null,
   "metadata": {},
   "outputs": [],
   "source": []
  },
  {
   "cell_type": "code",
   "execution_count": null,
   "metadata": {},
   "outputs": [],
   "source": []
  },
  {
   "cell_type": "markdown",
   "metadata": {},
   "source": [
    "##                                                      Pandas"
   ]
  },
  {
   "cell_type": "markdown",
   "metadata": {},
   "source": [
    "### 1. Convert the above array (random integers) to a dataframe with column names; one, two, three, four, five"
   ]
  },
  {
   "cell_type": "code",
   "execution_count": 6,
   "metadata": {},
   "outputs": [
    {
     "name": "stdout",
     "output_type": "stream",
     "text": [
      "       one     two   three    four    five\n",
      "0    80842  333008  202553  140037   81969\n",
      "1    63857   42105  261540  481981  176739\n",
      "2   489984  326386  110795  394863   25024\n",
      "3    38317   49982  408830  485118   16119\n",
      "4   407675  231729  265455  109413  103399\n",
      "5   174677  343356  301717  224120  401101\n",
      "6   140473  254634  112262   25063  108262\n",
      "7   375059  406983  208947  115641  296685\n",
      "8   444899  129585  171318  313094  425041\n",
      "9   188411  335140  141681   59641  211420\n",
      "10  287650    8973  477425  382803  465168\n",
      "11    3975   32213  160603  275485  388234\n",
      "12  246225   56174  244097    9350  496966\n",
      "13  225516  273338   73335  283013  212813\n",
      "14   38175  282399  318413  337639  379802\n",
      "15  198049  101115  419547  260219  325793\n",
      "16  148593  425024  348570  117968  107007\n",
      "17   52547  180346  178760  305186  262153\n",
      "18   11835  449971  494184  472031  353049\n",
      "19  476442   35455  191553  384154   29917\n"
     ]
    }
   ],
   "source": [
    "#Converting array into a dataframe with column names\n",
    "import pandas as pd\n",
    "df = pd.DataFrame(random_integers, columns = ['one', 'two', 'three', 'four', 'five'])\n",
    "print(df)"
   ]
  },
  {
   "cell_type": "code",
   "execution_count": null,
   "metadata": {},
   "outputs": [],
   "source": []
  },
  {
   "cell_type": "code",
   "execution_count": null,
   "metadata": {},
   "outputs": [],
   "source": []
  },
  {
   "cell_type": "code",
   "execution_count": null,
   "metadata": {},
   "outputs": [],
   "source": []
  },
  {
   "cell_type": "markdown",
   "metadata": {},
   "source": [
    "### 2. Show the summary statistics of the variables"
   ]
  },
  {
   "cell_type": "markdown",
   "metadata": {},
   "source": [
    "### 3. Create a correlation matrix of the the five variables"
   ]
  },
  {
   "cell_type": "code",
   "execution_count": 7,
   "metadata": {},
   "outputs": [
    {
     "data": {
      "text/html": [
       "<div>\n",
       "<style scoped>\n",
       "    .dataframe tbody tr th:only-of-type {\n",
       "        vertical-align: middle;\n",
       "    }\n",
       "\n",
       "    .dataframe tbody tr th {\n",
       "        vertical-align: top;\n",
       "    }\n",
       "\n",
       "    .dataframe thead th {\n",
       "        text-align: right;\n",
       "    }\n",
       "</style>\n",
       "<table border=\"1\" class=\"dataframe\">\n",
       "  <thead>\n",
       "    <tr style=\"text-align: right;\">\n",
       "      <th></th>\n",
       "      <th>one</th>\n",
       "      <th>two</th>\n",
       "      <th>three</th>\n",
       "      <th>four</th>\n",
       "      <th>five</th>\n",
       "    </tr>\n",
       "  </thead>\n",
       "  <tbody>\n",
       "    <tr>\n",
       "      <th>count</th>\n",
       "      <td>20.000000</td>\n",
       "      <td>20.000000</td>\n",
       "      <td>20.000000</td>\n",
       "      <td>20.000000</td>\n",
       "      <td>20.000000</td>\n",
       "    </tr>\n",
       "    <tr>\n",
       "      <th>mean</th>\n",
       "      <td>204660.050000</td>\n",
       "      <td>214895.800000</td>\n",
       "      <td>254579.250000</td>\n",
       "      <td>258840.950000</td>\n",
       "      <td>243333.050000</td>\n",
       "    </tr>\n",
       "    <tr>\n",
       "      <th>std</th>\n",
       "      <td>160901.903689</td>\n",
       "      <td>147813.419501</td>\n",
       "      <td>123604.500639</td>\n",
       "      <td>152653.178515</td>\n",
       "      <td>156738.446671</td>\n",
       "    </tr>\n",
       "    <tr>\n",
       "      <th>min</th>\n",
       "      <td>3975.000000</td>\n",
       "      <td>8973.000000</td>\n",
       "      <td>73335.000000</td>\n",
       "      <td>9350.000000</td>\n",
       "      <td>16119.000000</td>\n",
       "    </tr>\n",
       "    <tr>\n",
       "      <th>25%</th>\n",
       "      <td>61029.500000</td>\n",
       "      <td>54626.000000</td>\n",
       "      <td>168639.250000</td>\n",
       "      <td>117386.250000</td>\n",
       "      <td>106105.000000</td>\n",
       "    </tr>\n",
       "    <tr>\n",
       "      <th>50%</th>\n",
       "      <td>181544.000000</td>\n",
       "      <td>243181.500000</td>\n",
       "      <td>226522.000000</td>\n",
       "      <td>279249.000000</td>\n",
       "      <td>237483.000000</td>\n",
       "    </tr>\n",
       "    <tr>\n",
       "      <th>75%</th>\n",
       "      <td>309502.250000</td>\n",
       "      <td>333541.000000</td>\n",
       "      <td>325952.250000</td>\n",
       "      <td>383140.750000</td>\n",
       "      <td>381910.000000</td>\n",
       "    </tr>\n",
       "    <tr>\n",
       "      <th>max</th>\n",
       "      <td>489984.000000</td>\n",
       "      <td>449971.000000</td>\n",
       "      <td>494184.000000</td>\n",
       "      <td>485118.000000</td>\n",
       "      <td>496966.000000</td>\n",
       "    </tr>\n",
       "  </tbody>\n",
       "</table>\n",
       "</div>"
      ],
      "text/plain": [
       "                 one            two          three           four  \\\n",
       "count      20.000000      20.000000      20.000000      20.000000   \n",
       "mean   204660.050000  214895.800000  254579.250000  258840.950000   \n",
       "std    160901.903689  147813.419501  123604.500639  152653.178515   \n",
       "min      3975.000000    8973.000000   73335.000000    9350.000000   \n",
       "25%     61029.500000   54626.000000  168639.250000  117386.250000   \n",
       "50%    181544.000000  243181.500000  226522.000000  279249.000000   \n",
       "75%    309502.250000  333541.000000  325952.250000  383140.750000   \n",
       "max    489984.000000  449971.000000  494184.000000  485118.000000   \n",
       "\n",
       "                five  \n",
       "count      20.000000  \n",
       "mean   243333.050000  \n",
       "std    156738.446671  \n",
       "min     16119.000000  \n",
       "25%    106105.000000  \n",
       "50%    237483.000000  \n",
       "75%    381910.000000  \n",
       "max    496966.000000  "
      ]
     },
     "execution_count": 7,
     "metadata": {},
     "output_type": "execute_result"
    }
   ],
   "source": [
    "#Summary statistics of the variables\n",
    "df.describe()"
   ]
  },
  {
   "cell_type": "code",
   "execution_count": 8,
   "metadata": {},
   "outputs": [
    {
     "name": "stdout",
     "output_type": "stream",
     "text": [
      "            one       two     three      four      five\n",
      "one    1.000000 -0.045740 -0.298734 -0.129010 -0.135129\n",
      "two   -0.045740  1.000000 -0.073682 -0.310364 -0.160247\n",
      "three -0.298734 -0.073682  1.000000  0.372592  0.276976\n",
      "four  -0.129010 -0.310364  0.372592  1.000000 -0.060995\n",
      "five  -0.135129 -0.160247  0.276976 -0.060995  1.000000\n"
     ]
    }
   ],
   "source": [
    "#Create a correlation matrix of the five variables\n",
    "correlationMatrix = df.corr()\n",
    "print(correlationMatrix)"
   ]
  },
  {
   "cell_type": "code",
   "execution_count": null,
   "metadata": {},
   "outputs": [],
   "source": []
  },
  {
   "cell_type": "code",
   "execution_count": null,
   "metadata": {},
   "outputs": [],
   "source": []
  },
  {
   "cell_type": "code",
   "execution_count": null,
   "metadata": {},
   "outputs": [],
   "source": []
  },
  {
   "cell_type": "markdown",
   "metadata": {},
   "source": [
    "### 4. Read the titanic dataset into a dataframe"
   ]
  },
  {
   "cell_type": "code",
   "execution_count": 33,
   "metadata": {},
   "outputs": [
    {
     "data": {
      "text/html": [
       "<div>\n",
       "<style scoped>\n",
       "    .dataframe tbody tr th:only-of-type {\n",
       "        vertical-align: middle;\n",
       "    }\n",
       "\n",
       "    .dataframe tbody tr th {\n",
       "        vertical-align: top;\n",
       "    }\n",
       "\n",
       "    .dataframe thead th {\n",
       "        text-align: right;\n",
       "    }\n",
       "</style>\n",
       "<table border=\"1\" class=\"dataframe\">\n",
       "  <thead>\n",
       "    <tr style=\"text-align: right;\">\n",
       "      <th></th>\n",
       "      <th>pclass</th>\n",
       "      <th>survived</th>\n",
       "      <th>name</th>\n",
       "      <th>sex</th>\n",
       "      <th>age</th>\n",
       "      <th>sibsp</th>\n",
       "      <th>parch</th>\n",
       "      <th>ticket</th>\n",
       "      <th>fare</th>\n",
       "      <th>cabin</th>\n",
       "      <th>embarked</th>\n",
       "      <th>boat</th>\n",
       "      <th>body</th>\n",
       "      <th>home.dest</th>\n",
       "    </tr>\n",
       "  </thead>\n",
       "  <tbody>\n",
       "    <tr>\n",
       "      <th>0</th>\n",
       "      <td>1</td>\n",
       "      <td>1</td>\n",
       "      <td>Allen, Miss. Elisabeth Walton</td>\n",
       "      <td>female</td>\n",
       "      <td>29.00</td>\n",
       "      <td>0</td>\n",
       "      <td>0</td>\n",
       "      <td>24160</td>\n",
       "      <td>211.3375</td>\n",
       "      <td>B5</td>\n",
       "      <td>S</td>\n",
       "      <td>2</td>\n",
       "      <td>NaN</td>\n",
       "      <td>St Louis, MO</td>\n",
       "    </tr>\n",
       "    <tr>\n",
       "      <th>1</th>\n",
       "      <td>1</td>\n",
       "      <td>1</td>\n",
       "      <td>Allison, Master. Hudson Trevor</td>\n",
       "      <td>male</td>\n",
       "      <td>0.92</td>\n",
       "      <td>1</td>\n",
       "      <td>2</td>\n",
       "      <td>113781</td>\n",
       "      <td>151.5500</td>\n",
       "      <td>C22 C26</td>\n",
       "      <td>S</td>\n",
       "      <td>11</td>\n",
       "      <td>NaN</td>\n",
       "      <td>Montreal, PQ / Chesterville, ON</td>\n",
       "    </tr>\n",
       "    <tr>\n",
       "      <th>2</th>\n",
       "      <td>1</td>\n",
       "      <td>0</td>\n",
       "      <td>Allison, Miss. Helen Loraine</td>\n",
       "      <td>female</td>\n",
       "      <td>2.00</td>\n",
       "      <td>1</td>\n",
       "      <td>2</td>\n",
       "      <td>113781</td>\n",
       "      <td>151.5500</td>\n",
       "      <td>C22 C26</td>\n",
       "      <td>S</td>\n",
       "      <td>NaN</td>\n",
       "      <td>NaN</td>\n",
       "      <td>Montreal, PQ / Chesterville, ON</td>\n",
       "    </tr>\n",
       "    <tr>\n",
       "      <th>3</th>\n",
       "      <td>1</td>\n",
       "      <td>0</td>\n",
       "      <td>Allison, Mr. Hudson Joshua Creighton</td>\n",
       "      <td>male</td>\n",
       "      <td>30.00</td>\n",
       "      <td>1</td>\n",
       "      <td>2</td>\n",
       "      <td>113781</td>\n",
       "      <td>151.5500</td>\n",
       "      <td>C22 C26</td>\n",
       "      <td>S</td>\n",
       "      <td>NaN</td>\n",
       "      <td>135.0</td>\n",
       "      <td>Montreal, PQ / Chesterville, ON</td>\n",
       "    </tr>\n",
       "    <tr>\n",
       "      <th>4</th>\n",
       "      <td>1</td>\n",
       "      <td>0</td>\n",
       "      <td>Allison, Mrs. Hudson J C (Bessie Waldo Daniels)</td>\n",
       "      <td>female</td>\n",
       "      <td>25.00</td>\n",
       "      <td>1</td>\n",
       "      <td>2</td>\n",
       "      <td>113781</td>\n",
       "      <td>151.5500</td>\n",
       "      <td>C22 C26</td>\n",
       "      <td>S</td>\n",
       "      <td>NaN</td>\n",
       "      <td>NaN</td>\n",
       "      <td>Montreal, PQ / Chesterville, ON</td>\n",
       "    </tr>\n",
       "    <tr>\n",
       "      <th>5</th>\n",
       "      <td>1</td>\n",
       "      <td>1</td>\n",
       "      <td>Anderson, Mr. Harry</td>\n",
       "      <td>male</td>\n",
       "      <td>48.00</td>\n",
       "      <td>0</td>\n",
       "      <td>0</td>\n",
       "      <td>19952</td>\n",
       "      <td>26.5500</td>\n",
       "      <td>E12</td>\n",
       "      <td>S</td>\n",
       "      <td>3</td>\n",
       "      <td>NaN</td>\n",
       "      <td>New York, NY</td>\n",
       "    </tr>\n",
       "    <tr>\n",
       "      <th>6</th>\n",
       "      <td>1</td>\n",
       "      <td>1</td>\n",
       "      <td>Andrews, Miss. Kornelia Theodosia</td>\n",
       "      <td>female</td>\n",
       "      <td>63.00</td>\n",
       "      <td>1</td>\n",
       "      <td>0</td>\n",
       "      <td>13502</td>\n",
       "      <td>77.9583</td>\n",
       "      <td>D7</td>\n",
       "      <td>S</td>\n",
       "      <td>10</td>\n",
       "      <td>NaN</td>\n",
       "      <td>Hudson, NY</td>\n",
       "    </tr>\n",
       "    <tr>\n",
       "      <th>7</th>\n",
       "      <td>1</td>\n",
       "      <td>0</td>\n",
       "      <td>Andrews, Mr. Thomas Jr</td>\n",
       "      <td>male</td>\n",
       "      <td>39.00</td>\n",
       "      <td>0</td>\n",
       "      <td>0</td>\n",
       "      <td>112050</td>\n",
       "      <td>0.0000</td>\n",
       "      <td>A36</td>\n",
       "      <td>S</td>\n",
       "      <td>NaN</td>\n",
       "      <td>NaN</td>\n",
       "      <td>Belfast, NI</td>\n",
       "    </tr>\n",
       "    <tr>\n",
       "      <th>8</th>\n",
       "      <td>1</td>\n",
       "      <td>1</td>\n",
       "      <td>Appleton, Mrs. Edward Dale (Charlotte Lamson)</td>\n",
       "      <td>female</td>\n",
       "      <td>53.00</td>\n",
       "      <td>2</td>\n",
       "      <td>0</td>\n",
       "      <td>11769</td>\n",
       "      <td>51.4792</td>\n",
       "      <td>C101</td>\n",
       "      <td>S</td>\n",
       "      <td>D</td>\n",
       "      <td>NaN</td>\n",
       "      <td>Bayside, Queens, NY</td>\n",
       "    </tr>\n",
       "    <tr>\n",
       "      <th>9</th>\n",
       "      <td>1</td>\n",
       "      <td>0</td>\n",
       "      <td>Artagaveytia, Mr. Ramon</td>\n",
       "      <td>male</td>\n",
       "      <td>71.00</td>\n",
       "      <td>0</td>\n",
       "      <td>0</td>\n",
       "      <td>PC 17609</td>\n",
       "      <td>49.5042</td>\n",
       "      <td>NaN</td>\n",
       "      <td>C</td>\n",
       "      <td>NaN</td>\n",
       "      <td>22.0</td>\n",
       "      <td>Montevideo, Uruguay</td>\n",
       "    </tr>\n",
       "    <tr>\n",
       "      <th>10</th>\n",
       "      <td>1</td>\n",
       "      <td>0</td>\n",
       "      <td>Astor, Col. John Jacob</td>\n",
       "      <td>male</td>\n",
       "      <td>47.00</td>\n",
       "      <td>1</td>\n",
       "      <td>0</td>\n",
       "      <td>PC 17757</td>\n",
       "      <td>227.5250</td>\n",
       "      <td>C62 C64</td>\n",
       "      <td>C</td>\n",
       "      <td>NaN</td>\n",
       "      <td>124.0</td>\n",
       "      <td>New York, NY</td>\n",
       "    </tr>\n",
       "    <tr>\n",
       "      <th>11</th>\n",
       "      <td>1</td>\n",
       "      <td>1</td>\n",
       "      <td>Astor, Mrs. John Jacob (Madeleine Talmadge Force)</td>\n",
       "      <td>female</td>\n",
       "      <td>18.00</td>\n",
       "      <td>1</td>\n",
       "      <td>0</td>\n",
       "      <td>PC 17757</td>\n",
       "      <td>227.5250</td>\n",
       "      <td>C62 C64</td>\n",
       "      <td>C</td>\n",
       "      <td>4</td>\n",
       "      <td>NaN</td>\n",
       "      <td>New York, NY</td>\n",
       "    </tr>\n",
       "    <tr>\n",
       "      <th>12</th>\n",
       "      <td>1</td>\n",
       "      <td>1</td>\n",
       "      <td>Aubart, Mme. Leontine Pauline</td>\n",
       "      <td>female</td>\n",
       "      <td>24.00</td>\n",
       "      <td>0</td>\n",
       "      <td>0</td>\n",
       "      <td>PC 17477</td>\n",
       "      <td>69.3000</td>\n",
       "      <td>B35</td>\n",
       "      <td>C</td>\n",
       "      <td>9</td>\n",
       "      <td>NaN</td>\n",
       "      <td>Paris, France</td>\n",
       "    </tr>\n",
       "    <tr>\n",
       "      <th>13</th>\n",
       "      <td>1</td>\n",
       "      <td>1</td>\n",
       "      <td>Barber, Miss. Ellen \"Nellie\"</td>\n",
       "      <td>female</td>\n",
       "      <td>26.00</td>\n",
       "      <td>0</td>\n",
       "      <td>0</td>\n",
       "      <td>19877</td>\n",
       "      <td>78.8500</td>\n",
       "      <td>NaN</td>\n",
       "      <td>S</td>\n",
       "      <td>6</td>\n",
       "      <td>NaN</td>\n",
       "      <td>NaN</td>\n",
       "    </tr>\n",
       "    <tr>\n",
       "      <th>14</th>\n",
       "      <td>1</td>\n",
       "      <td>1</td>\n",
       "      <td>Barkworth, Mr. Algernon Henry Wilson</td>\n",
       "      <td>male</td>\n",
       "      <td>80.00</td>\n",
       "      <td>0</td>\n",
       "      <td>0</td>\n",
       "      <td>27042</td>\n",
       "      <td>30.0000</td>\n",
       "      <td>A23</td>\n",
       "      <td>S</td>\n",
       "      <td>B</td>\n",
       "      <td>NaN</td>\n",
       "      <td>Hessle, Yorks</td>\n",
       "    </tr>\n",
       "    <tr>\n",
       "      <th>15</th>\n",
       "      <td>1</td>\n",
       "      <td>0</td>\n",
       "      <td>Baumann, Mr. John D</td>\n",
       "      <td>male</td>\n",
       "      <td>NaN</td>\n",
       "      <td>0</td>\n",
       "      <td>0</td>\n",
       "      <td>PC 17318</td>\n",
       "      <td>25.9250</td>\n",
       "      <td>NaN</td>\n",
       "      <td>S</td>\n",
       "      <td>NaN</td>\n",
       "      <td>NaN</td>\n",
       "      <td>New York, NY</td>\n",
       "    </tr>\n",
       "    <tr>\n",
       "      <th>16</th>\n",
       "      <td>1</td>\n",
       "      <td>0</td>\n",
       "      <td>Baxter, Mr. Quigg Edmond</td>\n",
       "      <td>male</td>\n",
       "      <td>24.00</td>\n",
       "      <td>0</td>\n",
       "      <td>1</td>\n",
       "      <td>PC 17558</td>\n",
       "      <td>247.5208</td>\n",
       "      <td>B58 B60</td>\n",
       "      <td>C</td>\n",
       "      <td>NaN</td>\n",
       "      <td>NaN</td>\n",
       "      <td>Montreal, PQ</td>\n",
       "    </tr>\n",
       "    <tr>\n",
       "      <th>17</th>\n",
       "      <td>1</td>\n",
       "      <td>1</td>\n",
       "      <td>Baxter, Mrs. James (Helene DeLaudeniere Chaput)</td>\n",
       "      <td>female</td>\n",
       "      <td>50.00</td>\n",
       "      <td>0</td>\n",
       "      <td>1</td>\n",
       "      <td>PC 17558</td>\n",
       "      <td>247.5208</td>\n",
       "      <td>B58 B60</td>\n",
       "      <td>C</td>\n",
       "      <td>6</td>\n",
       "      <td>NaN</td>\n",
       "      <td>Montreal, PQ</td>\n",
       "    </tr>\n",
       "    <tr>\n",
       "      <th>18</th>\n",
       "      <td>1</td>\n",
       "      <td>1</td>\n",
       "      <td>Bazzani, Miss. Albina</td>\n",
       "      <td>female</td>\n",
       "      <td>32.00</td>\n",
       "      <td>0</td>\n",
       "      <td>0</td>\n",
       "      <td>11813</td>\n",
       "      <td>76.2917</td>\n",
       "      <td>D15</td>\n",
       "      <td>C</td>\n",
       "      <td>8</td>\n",
       "      <td>NaN</td>\n",
       "      <td>NaN</td>\n",
       "    </tr>\n",
       "    <tr>\n",
       "      <th>19</th>\n",
       "      <td>1</td>\n",
       "      <td>0</td>\n",
       "      <td>Beattie, Mr. Thomson</td>\n",
       "      <td>male</td>\n",
       "      <td>36.00</td>\n",
       "      <td>0</td>\n",
       "      <td>0</td>\n",
       "      <td>13050</td>\n",
       "      <td>75.2417</td>\n",
       "      <td>C6</td>\n",
       "      <td>C</td>\n",
       "      <td>A</td>\n",
       "      <td>NaN</td>\n",
       "      <td>Winnipeg, MN</td>\n",
       "    </tr>\n",
       "    <tr>\n",
       "      <th>20</th>\n",
       "      <td>1</td>\n",
       "      <td>1</td>\n",
       "      <td>Beckwith, Mr. Richard Leonard</td>\n",
       "      <td>male</td>\n",
       "      <td>37.00</td>\n",
       "      <td>1</td>\n",
       "      <td>1</td>\n",
       "      <td>11751</td>\n",
       "      <td>52.5542</td>\n",
       "      <td>D35</td>\n",
       "      <td>S</td>\n",
       "      <td>5</td>\n",
       "      <td>NaN</td>\n",
       "      <td>New York, NY</td>\n",
       "    </tr>\n",
       "    <tr>\n",
       "      <th>21</th>\n",
       "      <td>1</td>\n",
       "      <td>1</td>\n",
       "      <td>Beckwith, Mrs. Richard Leonard (Sallie Monypeny)</td>\n",
       "      <td>female</td>\n",
       "      <td>47.00</td>\n",
       "      <td>1</td>\n",
       "      <td>1</td>\n",
       "      <td>11751</td>\n",
       "      <td>52.5542</td>\n",
       "      <td>D35</td>\n",
       "      <td>S</td>\n",
       "      <td>5</td>\n",
       "      <td>NaN</td>\n",
       "      <td>New York, NY</td>\n",
       "    </tr>\n",
       "    <tr>\n",
       "      <th>22</th>\n",
       "      <td>1</td>\n",
       "      <td>1</td>\n",
       "      <td>Behr, Mr. Karl Howell</td>\n",
       "      <td>male</td>\n",
       "      <td>26.00</td>\n",
       "      <td>0</td>\n",
       "      <td>0</td>\n",
       "      <td>111369</td>\n",
       "      <td>30.0000</td>\n",
       "      <td>C148</td>\n",
       "      <td>C</td>\n",
       "      <td>5</td>\n",
       "      <td>NaN</td>\n",
       "      <td>New York, NY</td>\n",
       "    </tr>\n",
       "    <tr>\n",
       "      <th>23</th>\n",
       "      <td>1</td>\n",
       "      <td>1</td>\n",
       "      <td>Bidois, Miss. Rosalie</td>\n",
       "      <td>female</td>\n",
       "      <td>42.00</td>\n",
       "      <td>0</td>\n",
       "      <td>0</td>\n",
       "      <td>PC 17757</td>\n",
       "      <td>227.5250</td>\n",
       "      <td>NaN</td>\n",
       "      <td>C</td>\n",
       "      <td>4</td>\n",
       "      <td>NaN</td>\n",
       "      <td>NaN</td>\n",
       "    </tr>\n",
       "    <tr>\n",
       "      <th>24</th>\n",
       "      <td>1</td>\n",
       "      <td>1</td>\n",
       "      <td>Bird, Miss. Ellen</td>\n",
       "      <td>female</td>\n",
       "      <td>29.00</td>\n",
       "      <td>0</td>\n",
       "      <td>0</td>\n",
       "      <td>PC 17483</td>\n",
       "      <td>221.7792</td>\n",
       "      <td>C97</td>\n",
       "      <td>S</td>\n",
       "      <td>8</td>\n",
       "      <td>NaN</td>\n",
       "      <td>NaN</td>\n",
       "    </tr>\n",
       "  </tbody>\n",
       "</table>\n",
       "</div>"
      ],
      "text/plain": [
       "    pclass  survived                                               name  \\\n",
       "0        1         1                      Allen, Miss. Elisabeth Walton   \n",
       "1        1         1                     Allison, Master. Hudson Trevor   \n",
       "2        1         0                       Allison, Miss. Helen Loraine   \n",
       "3        1         0               Allison, Mr. Hudson Joshua Creighton   \n",
       "4        1         0    Allison, Mrs. Hudson J C (Bessie Waldo Daniels)   \n",
       "5        1         1                                Anderson, Mr. Harry   \n",
       "6        1         1                  Andrews, Miss. Kornelia Theodosia   \n",
       "7        1         0                             Andrews, Mr. Thomas Jr   \n",
       "8        1         1      Appleton, Mrs. Edward Dale (Charlotte Lamson)   \n",
       "9        1         0                            Artagaveytia, Mr. Ramon   \n",
       "10       1         0                             Astor, Col. John Jacob   \n",
       "11       1         1  Astor, Mrs. John Jacob (Madeleine Talmadge Force)   \n",
       "12       1         1                      Aubart, Mme. Leontine Pauline   \n",
       "13       1         1                       Barber, Miss. Ellen \"Nellie\"   \n",
       "14       1         1               Barkworth, Mr. Algernon Henry Wilson   \n",
       "15       1         0                                Baumann, Mr. John D   \n",
       "16       1         0                           Baxter, Mr. Quigg Edmond   \n",
       "17       1         1    Baxter, Mrs. James (Helene DeLaudeniere Chaput)   \n",
       "18       1         1                              Bazzani, Miss. Albina   \n",
       "19       1         0                               Beattie, Mr. Thomson   \n",
       "20       1         1                      Beckwith, Mr. Richard Leonard   \n",
       "21       1         1   Beckwith, Mrs. Richard Leonard (Sallie Monypeny)   \n",
       "22       1         1                              Behr, Mr. Karl Howell   \n",
       "23       1         1                              Bidois, Miss. Rosalie   \n",
       "24       1         1                                  Bird, Miss. Ellen   \n",
       "\n",
       "       sex    age  sibsp  parch    ticket      fare    cabin embarked boat  \\\n",
       "0   female  29.00      0      0     24160  211.3375       B5        S    2   \n",
       "1     male   0.92      1      2    113781  151.5500  C22 C26        S   11   \n",
       "2   female   2.00      1      2    113781  151.5500  C22 C26        S  NaN   \n",
       "3     male  30.00      1      2    113781  151.5500  C22 C26        S  NaN   \n",
       "4   female  25.00      1      2    113781  151.5500  C22 C26        S  NaN   \n",
       "5     male  48.00      0      0     19952   26.5500      E12        S    3   \n",
       "6   female  63.00      1      0     13502   77.9583       D7        S   10   \n",
       "7     male  39.00      0      0    112050    0.0000      A36        S  NaN   \n",
       "8   female  53.00      2      0     11769   51.4792     C101        S    D   \n",
       "9     male  71.00      0      0  PC 17609   49.5042      NaN        C  NaN   \n",
       "10    male  47.00      1      0  PC 17757  227.5250  C62 C64        C  NaN   \n",
